-1726.3, 27, 011011010100001111111100000110001110011100010001000110110010110100011000101010110000001011000000
-1726.3, 27, 011011010100001111111100000110001110011100010001000110110010110100011000101010110000001011000000
-624.3, 891, 011011011110100101100110000001100000011100010000111010000100000100010110101010110000010111110000
1846.1, 1716, 011011010011010010001101111101111101001100010000111011001111110100010111000000010000000111001000
1845.7, 1716, 011011010011010010001101111101111101001100010000111011001111110100010111000000010000000111001000
-1844.2, 2571, 011011010100010111010111000001100100001100010000111010010110000100011001111110010000001011011100
-1844.2, 2571, 011011010100010111010111000001100100001100010000111010010110000100011001111110010000001011011100
-1386.2, 3477, 011011011101010001100010100010110101111100010001000010011110100100010111110100110000011110010000
-1386.1, 3477, 011011011101010001100010100010110101111100010001000010011110100100010111110100110000011110010000
546.1, 4383, 011011011001011010110111111001110101101100010000111010100000110100011010000100010000011111101100
1969.4, 5277, 011011011110011000001110111100111000001100010000111010100000100100011010000011010000000110101100
1969.4, 5277, 011011011110011000001110111100111000001100010000111010100000100100011010000011010000000110101100
-1389.9, 6087, 011011010101100001101011101101001110011100010001000010101010110100011000001111110000010000001000
-1390.0, 6087, 011011010101100001101011101101001110011100010001000010101010110100011000001111110000010000001000
1842.6, 7020, 011011011011100001010101010111101011111100010000111010011101000100010110111001010000001001100100
1842.6, 7020, 011011011011100001010101010111101011111100010000111010011101000100010110111001010000001001100100
1844.9, 7020, 011011011011100001010101010111101011111100010000111010011101000100010110111001010000001001100100
1845.0, 7020, 011011011011100001010101010111101011111100010000111010011101000100010110111001010000001001100100
1763.4, 7947, 011011011100011100010110011011101110011100010001000011010010000100011010110100010000001010011100
1763.5, 7947, 011011011100011100010110011011101110011100010001000011010010000100011010110100010000001010011100
-602.5, 8787, 011011011101001010111000100111011100001100010000111010000001010100010110111001010000011100111000
1636.2, 9633, 011011010101101011110111100010100111011100010001000011010011010100011010110100110000010000110000
1636.2, 9633, 011011010101101011110111100010100111011100010001000011010011010100011010110100110000010000110000
2155.3, 10533, 011011011001001100111111000110000011111100010001000010100101010100010111101110110000011110110100
2155.4, 10533, 011011011001001100111111000110000011111100010001000010100101010100010111101110110000011110110100
2155.0, 10533, 011011011001001100111111000110000011111100010001000010100101010100010111101110110000011110110100
2154.8, 10533, 011011011001001100111111000110000011111100010001000010100101010100010111101110110000011110110100
276.6, 11367, 011011010011010011110011111101000100011100010000111010100010010100011001101111110000000111010000
-196.1, 12216, 011011011110001111110101110101001111101100010000111101111110110100011010100010110000011101100000
-1784.0, 13134, 011011011011101110001000100101101001101100010001000011010000100100011010110010110000010010000100
-1783.9, 13134, 011011011011101110001000100101101001101100010001000011010000100100011010110010110000010010000100
1090.5, 13995, 011011011001100101000000010000111000001100010000111010100000100100011010000101010000010111010000
1090.5, 13995, 011011011001100101000000010000111000001100010000111010100000100100011010000101010000010111010000
-31.6, 15669, 011011011000111001011001010101010011011100010000110101110100100100011000011001110000011101101000
-34.3, 15669, 011011011000111001011001010101010011011100010000110101110100100100011000011001110000011101101000
610.3, 16524, 011011010011111000100100001001100100001100010000111010100010010100011001101111110000001001100100
1067.5, 17385, 011011011101100110111011101111100101011100010000111010100011100100011001111101010000011111011000
1067.6, 17385, 011011011101100110111011101111100101011100010000111010100011100100011001111101010000011111011000
-1990.1, 18252, 011011011001001101000110100000000101011100010001000110110011100100011000101010110000011110110100
-1990.3, 18252, 011011011001001101000110100000000101011100010001000110110011100100011000101010110000011110110100
-226.4, 19161, 011011011010001010001100100000001001101100010000111010011001010100011001111100110000011010110100
-54.8, 20097, 011011011100110001000010000010001010001100010000111010100000010100011010000101010000011010111000
-2015.1, 21000, 011011011100011100011000000010101100111100010000111010010100010100010111110100110000010010010000
-2015.1, 21000, 011011011100011100011000000010101100111100010000111010010100010100010111110100110000010010010000
3792.2, 21846, 011011010011001110011011111001110000111100010000110100100010000100011000111000110000000110111100
531.6, 22668, 011011010001110010110011110110000011011100010001000110110100100100011000110001010000000001001100
-1313.5, 23493, 011011010001110000001110001010011001001100010000111001001000100100011001101001110000000001000000
-1313.6, 23493, 011011010001110000001110001010011001001100010000111001001000100100011001101001110000000001000000
-1310.4, 23493, 011011010001110000001110001010011001001100010000111001001000100100011001101001110000000001000000
-1310.3, 23493, 011011010001110000001110001010011001001100010000111001001000100100011001101001110000000001000000
-3567.0, 24327, 011011010111001110000111000010101110011100010000111110001101110100010111000010010000010110111000
1102.2, 25128, 011011010100000111111111101000011111011100010000111100010111000100010111100110010000001010100000
1102.4, 25128, 011011010100000111111111101000011111011100010000111100010111000100010111100110010000001010100000
-69.1, 25965, 011011011110100001110100111010001110001100010000111001111101110100010110101100010000001111001100
-1927.3, 26853, 011011011110011111000000000100100001001100010000111001111100000100010111011010110000011011101000
-1927.4, 26853, 011011011110011111000000000100100001001100010000111001111100000100010111011010110000011011101000
2469.2, 27750, 011011011110101100000101000100100001101100010000111001110100100100010111011010110000010111110000
-105.6, 28656, 011011011011001001010011010011100100111100010001000011010101010100011100100101110000011100010000
-324.7, 29475, 011011010001101101010010001100101100111100010001000010011001100100010111110101010000000000110100
-1850.2, 30255, 011011010011000101100111000000101011101100010000111111000101100100011011010110010000000110011000
-1850.2, 30255, 011011010011000101100111000000101011101100010000111111000101100100011011010110010000000110011000
753.7, 31029, 011011010010101101110110001111111010101100010001000110110100000100011000110000110000000100111000
-182.5, 31911, 011011011100011011101100111110101101001100010000111010000001110100010110101000110000010010010100
118.8, 32790, 011011010101000110000101001011011111001100010001000010111011110100011100001010110000001110011000
487.5, 33627, 011011011110101101111011111001101110011100010000111001100001100100010110111010010000000111011100
-516.3, 34428, 011011010011111100101111000100110010011100010000111001110100100100010110101011110000001001110100
1854.9, 35277, 011011011000011011011101101010010010001100010000111001111110000100010111000001110000011011110000
1855.2, 35277, 011011011000011011011101101010010010001100010000111001111110000100010111000001110000011011110000
-12.2, 36090, 011011011110000001011110001101101011011100010000111001001010100100011001001000110000000011101000
870.7, 37008, 011011011011111001000101100011110110001100010000111010000111000100010111001011110000001001101100
1075.8, 37008, 011011011011111001000101100011110110001100010000111010000111000100010111001011110000001001101100
2221.5, 37833, 011011010110110000000101111010001110011100010000111010010010110100010111101001010000010101000000
2221.4, 37833, 011011010110110000000101111010001110011100010000111010010010110100010111101001010000010101000000
-1598.5, 38700, 011011011101001010011010111101010100111100010001000010101000010100010111101111010000001000000100
-1598.2, 38700, 011011011101001010011010111101010100111100010001000010101000010100010111101111010000001000000100
-2225.4, 39507, 011011010100110110000101001010110001001100010001000110110010010100011000101100010000001101011000
-2205.3, 39507, 011011010100110110000101001010110001001100010001000110110010010100011000101100010000001101011000
-1251.2, 40401, 011011010111100010000010000100100000001100010000111111001010110100011011011001010000011000001000
-1251.4, 40401, 011011010111100010000010000100100000001100010000111111001010110100011011011001010000011000001000
-2191.4, 42096, 011011010011101111100001000101000011011100010001000110110111110100011000101011110000001001000000
-2191.2, 42096, 011011010011101111100001000101000011011100010001000110110111110100011000101011110000001001000000
853.2, 42939, 011011011101011000111111001001000000111100010001000110110101110100011000101101010000001100001100
855.5, 42939, 011011011101011000111111001001000000111100010001000110110101110100011000101101010000001100001100
1031.0, 42939, 011011011101011000111111001001000000111100010001000110110101110100011000101101010000001100001100
3273.5, 43839, 011011011101000111100110010111010010001100010001000110110010010100011000101010010000011100011000
-2692.5, 44664, 011011010101110100101100001110000101001100010000111001110001010100010110101111110000010001010100
-2481.4, 45504, 011011010110001111000011011000010100011100010001000010110010100100011000010100010000010010111100
-250.1, 46368, 011011011011010011001111100010000011001100010001000110000000000100011000110001110000010111110000
-596.2, 47259, 011011010111001110101100000000110110111100010000111010011111010100011010000010010000010110111100
-595.1, 47262, 011011010111001110101100000000110110111100010000111010011111010100011010000010010000010110111100
927.9, 48090, 011011011001001011011101100011001010101100010001000110110101100100011000110100110000011110110000
949.6, 48090, 011011011001001011011101100011001010101100010001000110110101100100011000110100110000011110110000
-399.5, 48951, 011011011011110000101110010110000011111100010001000110110101010100011000101111010000001000000100
-709.1, 49818, 011011011100001000110111001000001110001100010001000110101100100100011000111011110000010001111000
1348.9, 50646, 011011010100111011011011010110000011011100010000111010001100100100010110110000010000001101110000
1348.8, 50646, 011011010100111011011011010110000011011100010000111010001100100100010110110000010000001101110000
537.5, 51492, 011011010001101101111000011101101011011100010001000101110001110100011001001000010000000000111000
735.8, 52296, 011011010010001101110011100100001100001100010001000101101111000100011001001010010000000010111000
-2590.0, 53073, 011011010010000001111101111001010110001100010001000101101111110100011001001010010000000010001000
2013.1, 53931, 011011011011110110011001100110100001001100010000111001111010100100010110101101110000001100111100
2013.1, 53931, 011011011011110110011001100110100001001100010000111001111010100100010110101101110000001100111100
1947.9, 55668, 011011011001101011110100000100101101011100010001000110110101100100011000110010110000001111001100
1948.4, 55668, 011011011001101011110100000100101101011100010001000110110101100100011000110010110000001111001100
-19.4, 56517, 011011010001110101000110111101001111001100010000111010100001110100011010000011010000000001010100
822.4, 57354, 011011011001000010100010010001101000001100010000111011000010100100011010010001010000011110001100
-648.0, 58188, 011011011001101111000110100001001101011100010000111010000011000100010110101001110000010101111000
152.0, 59019, 011011010100100101010110100101110000111100010000111011111000000100011001100000010000001100010100
-720.8, 59907, 011011011100100000110010001111101001101100010000111011010110000100011001100100010000011110010000
-677.0, 60735, 011011010001111000100111101000101010111100010000111011001110100100011001011000110000000001100100
353.0, 61614, 011011010111101011010000110100110100111100010001000110110101110100011000110011010000011000101100
-2447.1, 62412, 011011010001101111010000111100101011011100010000111010011101000100010110111001010000000000111100
-1434.5, 63333, 011011011101101010010111100010111110101100010001000010100011110100011000001100110000000010110100
-1434.3, 63333, 011011011101101010010111100010111110101100010001000010100011110100011000001100110000000010110100
3339.6, 64182, 011011011010111110001010000011101011001100010000111010001111000100011001111110110000001100100100
675.4, 65064, 011011011101010001010010111000100100011100010001000010100101100100010111101110110000010111101000
962.3, 65988, 011011011001110101111000110000000001001100010001000110110100110100011000110001110000010011011000
962.1, 65988, 011011011001110101111000110000000001001100010001000110110100110100011000110001110000010011011000
-3493.8, 66825, 011011010110001001101011101110100111011100010001000100110111100100011001010011110000010010101000
190.8, 67695, 011011011011101001000100101000100111001100010000110111111111010100011001001010010000011110010000
1289.2, 68583, 011011011110001111001101011100010001111100010000110100101100110100011000110011110000011111000100
1289.1, 68583, 011011011110001111001101011100010001111100010000110100101100110100011000110011110000011111000100
1289.9, 68583, 011011011110001111001101011100010001111100010000110100101100110100011000110011110000011111000100
1289.9, 68583, 011011011110001111001101011100010001111100010000110100101100110100011000110011110000011111000100
-2232.3, 69444, 011011010011110001000001110110100110101100010000110110111010110100011001001001110000001001000100
-2232.5, 69444, 011011010011110001000001110110100110101100010000110110111010110100011001001001110000001001000100
1433.4, 70260, 011011010011000111110100101010001011001100010001000101110011000100011000111010110000000110100000
1433.7, 70260, 011011010011000111110100101010001011001100010001000101110011000100011000111010110000000110100000
-3297.7, 71103, 011011011011011001011001000011101110101100010001000110110111110100011000110101110000000011110000
878.1, 71952, 011011010010101101011100010110011001111100010001000110110100110100011000101000110000000100111000
878.3, 71952, 011011010010101101011100010110011001111100010001000110110100110100011000101000110000000100111000
-1819.9, 72762, 011011010011111011101000100101101010011100010001000110110011000100011000101010010000001001110000
-1820.1, 72762, 011011010011111011101000100101101010011100010001000110110011000100011000101010010000001001110000
-483.4, 73587, 011011010100111001110000000011010001011100010000110101110101000100011000011001110000001101101000
1141.5, 74493, 011011011100101000010000100101100110011100010001000110110110010100011000101101010000010000101100
1141.6, 74493, 011011011100101000010000100101100110011100010001000110110110010100011000101101010000010000101100
407.7, 75375, 011011010110011110000011010010110100011100010001000110110110010100011000101101010000010011111000
-155.3, 76254, 011011010110010111100101110111001011101100010001000110110010010100011000101110010000010011100000
