    55    57    65    67    33    35    41    43    18    20    91    93     4     6   144   146   579
    85    87   111   113    67    69   178   180    38    40    75    77     9    11   112   114   596
   117   119   170   172   110   112   150   152    30    32    44    46    22    24    54    56   983
   147   149   173   175   100   102   137   139    71    73   174   176    34    36    63    65  1954
    81    83   107   109    63    65   174   176    34    36    71    73     5     7   108   110  2430
    90    92   100   102    68    70    76    78    53    55   126   128    39    41   179   181  3226
   100   102   153   155    93    95   133   135    13    15    27    29     5     7    37    39  3324
   138   140   164   166    91    93   128   130    62    64   165   167    25    27    54    56  3527
   128   130   154   156    81    83   118   120    52    54   155   157    15    17    44    46  3572
    73    75    83    85    51    53    59    61    36    38   109   111    22    24   162   164  3699
   126   128   179   181   119   121   159   161    39    41    53    55    31    33    63    65  3876
    81    83    91    93    59    61    67    69    44    46   117   119    30    32   170   172  3888
   110   112   163   165   103   105   143   145    23    25    37    39    15    17    47    49  4071
   120   122   173   175   113   115   153   155    33    35    47    49    25    27    57    59  4296
   141   143   167   169    94    96   131   133    65    67   168   170    28    30    57    59  4362
   113   115   166   168   106   108   146   148    26    28    40    42    18    20    50    52  4430
   140   142   166   168    93    95   130   132    64    66   167   169    27    29    56    58  5413
   112   114   165   167   105   107   145   147    25    27    39    41    17    19    49    51  5549
    75    77    85    87    53    55    61    63    38    40   111   113    24    26   164   166  5576
   119   121   172   174   112   114   152   154    32    34    46    48    24    26    56    58  5793
    57    59    67    69    35    37    43    45    20    22    93    95     6     8   146   148  5828
   118   120   171   173   111   113   151   153    31    33    45    47    23    25    55    57  6771
    56    58    66    68    34    36    42    44    19    21    92    94     5     7   145   147  6841
    75    77    95    97    35    37    42    44    31    33    47    49     1     3   147   149  6932
   111   113   164   166   104   106   144   146    24    26    38    40    16    18    48    50  7275
    74    76    84    86    52    54    60    62    37    39   110   112    23    25   163   165  7329
   139   141   165   167    92    94   129   131    63    65   166   168    26    28    55    57  7547
   104   106   157   159    97    99   137   139    17    19    31    33     9    11    41    43  8200
    80    82   106   108    62    64   173   175    33    35    70    72     4     6   107   109  9677
    82    84   102   104    42    44    49    51    38    40    54    56     8    10   154   156 10138
   109   111   162   164   102   104   142   144    22    24    36    38    14    16    46    48 10495
    80    82    90    92    58    60    66    68    43    45   116   118    29    31   169   171 10577
   125   127   178   180   118   120   158   160    38    40    52    54    30    32    62    64 10617
    72    74    82    84    50    52    58    60    35    37   108   110    21    23   161   163 11223
   137   139   163   165    90    92   127   129    61    63   164   166    24    26    53    55 11455
   127   129   153   155    80    82   117   119    51    53   154   156    14    16    43    45 11481
    89    91    99   101    67    69    75    77    52    54   125   127    38    40   178   180 11781
    97    99   117   119    57    59    64    66    53    55    69    71    23    25   169   171 11960
    99   101   152   154    92    94   132   134    12    14    26    28     4     6    36    38 11977
   116   118   169   171   109   111   149   151    29    31    43    45    21    23    53    55 12447
    84    86   110   112    66    68   177   179    37    39    74    76     8    10   111   113 13209
    54    56    64    66    32    34    40    42    17    19    90    92     3     5   143   145 13239
   146   148   172   174    99   101   136   138    70    72   173   175    33    35    62    64 14453
    63    65    73    75    41    43    49    51    26    28    99   101    12    14   152   154 15418
   108   110   128   130    68    70    75    77    64    66    80    82    34    36   180   182 16748
    88    90   108   110    48    50    55    57    44    46    60    62    14    16   160   162 17264
    86    88   106   108    46    48    53    55    42    44    58    60    12    14   158   160 17586
    67    69    77    79    45    47    53    55    30    32   103   105    16    18   156   158 17672
   145   147   171   173    98   100   135   137    69    71   172   174    32    34    61    63 18395
   106   108   126   128    66    68    73    75    62    64    78    80    32    34   178   180 19650
    62    64    72    74    40    42    48    50    25    27    98   100    11    13   151   153 20293
    83    85   109   111    65    67   176   178    36    38    73    75     7     9   110   112 20483
    53    55    63    65    31    33    39    41    16    18    89    91     2     4   142   144 20575
    92    94   102   104    70    72    78    80    55    57   128   130    41    43   181   183 20858
   149   151   175   177   102   104   139   141    73    75   176   178    36    38    65    67 21428
   115   117   168   170   108   110   148   150    28    30    42    44    20    22    52    54 22031
   143   145   169   171    96    98   133   135    67    69   170   172    30    32    59    61 22046
    84    86   104   106    44    46    51    53    40    42    56    58    10    12   156   158 23482
    65    67    75    77    43    45    51    53    28    30   101   103    14    16   154   156 23890
    71    73    81    83    49    51    57    59    34    36   107   109    20    22   160   162 24735
    79    81    89    91    57    59    65    67    42    44   115   117    28    30   168   170 26003
   124   126   177   179   117   119   157   159    37    39    51    53    29    31    61    63 26051
   101   103   121   123    61    63    68    70    57    59    73    75    27    29   173   175 26148
   108   110   161   163   101   103   141   143    21    23    35    37    13    15    45    47 26319
    96    98   116   118    56    58    63    65    52    54    68    70    22    24   168   170 27201
    98   100   151   153    91    93   131   133    11    13    25    27     3     5    35    37 27299
    88    90    98   100    66    68    74    76    51    53   124   126    37    39   177   179 27451
   136   138   162   164    89    91   126   128    60    62   163   165    23    25    52    54 28239
   121   123   147   149    74    76   111   113    45    47   148   150     8    10    37    39 28288
   126   128   152   154    79    81   116   118    50    52   153   155    13    15    42    44 28291
   116   118   142   144    69    71   106   108    40    42   143   145     3     5    32    34 28384
    60    62    70    72    38    40    46    48    23    25    96    98     9    11   149   151 29798
    78    80    98   100    38    40    45    47    34    36    50    52     4     6   150   152 30172
    88    90   114   116    70    72   181   183    41    43    78    80    12    14   115   117 30452
   131   133   157   159    84    86   121   123    55    57   158   160    18    20    47    49 30464
   103   105   156   158    96    98   136   138    16    18    30    32     8    10    40    42 30497
   129   131   182   184   122   124   162   164    42    44    56    58    34    36    66    68 30554
    81    83   101   103    41    43    48    50    37    39    53    55     7     9   153   155 30725
   104   106   124   126    64    66    71    73    60    62    76    78    30    32   176   178 31354
    79    81   105   107    61    63   172   174    32    34    69    71     3     5   106   108 31915
   152   154   178   180   105   107   142   144    76    78   179   181    39    41    68    70 31944
    83    85   103   105    43    45    50    52    39    41    55    57     9    11   155   157 32837
   105   107   158   160    98   100   138   140    18    20    32    34    10    12    42    44 33676
    98   100   118   120    58    60    65    67    54    56    70    72    24    26   170   172 34004
    64    66    74    76    42    44    50    52    27    29   100   102    13    15   153   155 36245
   148   150   174   176   101   103   138   140    72    74   175   177    35    37    64    66 36953
    86    88   112   114    68    70   179   181    39    41    76    78    10    12   113   115 37538
    82    84    92    94    60    62    68    70    45    47   118   120    31    33   171   173 37904
   127   129   180   182   120   122   160   162    40    42    54    56    32    34    64    66 37914
   129   131   155   157    82    84   119   121    53    55   156   158    16    18    45    47 38258
    91    93   101   103    69    71    77    79    54    56   127   129    40    42   180   182 38341
   101   103   154   156    94    96   134   136    14    16    28    30     6     8    38    40 38390
    82    84   108   110    64    66   175   177    35    37    72    74     6     8   109   111 38711
    52    54    62    64    30    32    38    40    15    17    88    90     1     3   141   143 38799
    58    60    68    70    36    38    44    46    21    23    94    96     7     9   147   149 39146
    76    78    86    88    54    56    62    64    39    41   112   114    25    27   165   167 39276
   142   144   168   170    95    97   132   134    66    68   169   171    29    31    58    60 39693
   114   116   167   169   107   109   147   149    27    29    41    43    19    21    51    53 39727
   121   123   174   176   114   116   154   156    34    36    48    50    26    28    58    60 39916
    76    78    96    98    36    38    43    45    32    34    48    50     2     4   148   150 40450
   102   104   122   124    62    64    69    71    58    60    74    76    28    30   174   176 41114
   122   124   148   150    75    77   112   114    46    48   149   151     9    11    38    40 42184
   117   119   143   145    70    72   107   109    41    43   144   146     4     6    33    35 42232
   132   134   158   160    85    87   122   124    56    58   159   161    19    21    48    50 43016
    89    91   115   117    71    73   182   184    42    44    79    81    13    15   116   118 43250
    79    81    99   101    39    41    46    48    35    37    51    53     5     7   151   153 43366
    61    63    71    73    39    41    47    49    24    26    97    99    10    12   150   152 43451
   153   155   179   181   106   108   143   145    77    79   180   182    40    42    69    71 44524
   105   107   125   127    65    67    72    74    61    63    77    79    31    33   177   179 44725
    68    70    78    80    46    48    54    56    31    33   104   106    17    19   157   159 45324
    87    89   107   109    47    49    54    56    43    45    59    61    13    15   159   161 45521
    89    91   109   111    49    51    56    58    45    47    61    63    15    17   161   163 45616
   109   111   129   131    69    71    76    78    65    67    81    83    35    37   181   183 45886
   107   109   127   129    67    69    74    76    63    65    79    81    33    35   179   181 46569
   144   146   170   172    97    99   134   136    68    70   171   173    31    33    60    62 47239
   150   152   176   178   103   105   140   142    74    76   177   179    37    39    66    68 47698
    93    95   103   105    71    73    79    81    56    58   129   131    42    44   182   184 47925
    77    79   103   105    59    61   170   172    30    32    67    69     1     3   104   106 48094
    66    68    76    78    44    46    52    54    29    31   102   104    15    17   155   157 48417
    85    87   105   107    45    47    52    54    41    43    57    59    11    13   157   159 48725
   123   125   149   151    76    78   113   115    47    49   150   152    10    12    39    41 49644
   118   120   144   146    71    73   108   110    42    44   145   147     5     7    34    36 49652
   103   105   123   125    63    65    70    72    59    61    75    77    29    31   175   177 50117
   154   156   180   182   107   109   144   146    78    80   181   183    41    43    70    72 50558
    80    82   100   102    40    42    47    49    36    38    52    54     6     8   152   154 51003
   133   135   159   161    86    88   123   125    57    59   160   162    20    22    49    51 51084
   110   112   130   132    70    72    77    79    66    68    82    84    36    38   182   184 51735
    90    92   110   112    50    52    57    59    46    48    62    64    16    18   162   164 51856
    69    71    79    81    47    49    55    57    32    34   105   107    18    20   158   160 51982
    78    80   104   106    60    62   171   173    31    33    68    70     2     4   105   107 52839
   151   153   177   179   104   106   141   143    75    77   178   180    38    40    67    69 52897
    99   101   119   121    59    61    66    68    55    57    71    73    25    27   171   173 53730
   106   108   159   161    99   101   139   141    19    21    33    35    11    13    43    45 53838
   130   132   156   158    83    85   120   122    54    56   157   159    17    19    46    48 55601
   102   104   155   157    95    97   135   137    15    17    29    31     7     9    39    41 55667
    83    85    93    95    61    63    69    71    46    48   119   121    32    34   172   174 55680
   128   130   181   183   121   123   161   163    41    43    55    57    33    35    65    67 55685
    87    89   113   115    69    71   180   182    40    42    77    79    11    13   114   116 56025
    77    79    97    99    37    39    44    46    33    35    49    51     3     5   149   151 56457
   122   124   175   177   115   117   155   157    35    37    49    51    27    29    59    61 56958
    77    79    87    89    55    57    63    65    40    42   113   115    26    28   166   168 57150
    59    61    69    71    37    39    45    47    22    24    95    97     8    10   148   150 57341
    94    96   114   116    54    56    61    63    50    52    66    68    20    22   166   168 57462
    87    89    97    99    65    67    73    75    50    52   123   125    36    38   176   178 57671
    97    99   150   152    90    92   130   132    10    12    24    26     2     4    34    36 57975
    95    97   115   117    55    57    62    64    51    53    67    69    21    23   167   169 58291
    96    98   149   151    89    91   129   131     9    11    23    25     1     3    33    35 58366
    86    88    96    98    64    66    72    74    49    51   122   124    35    37   175   177 58782
    93    95   113   115    53    55    60    62    49    51    65    67    19    21   165   167 59388
    92    94   112   114    52    54    59    61    48    50    64    66    18    20   164   166 59624
   120   122   146   148    73    75   110   112    44    46   147   149     7     9    36    38 59953
   125   127   151   153    78    80   115   117    49    51   152   154    12    14    41    43 59959
   115   117   141   143    68    70   105   107    39    41   142   144     2     4    31    33 60145
   135   137   161   163    88    90   125   127    59    61   162   164    22    24    51    53 60335
    85    87    95    97    63    65    71    73    48    50   121   123    34    36   174   176 60460
   134   136   160   162    87    89   124   126    58    60   161   163    21    23    50    52 61518
   155   157   181   183   108   110   145   147    79    81   182   184    42    44    71    73 61751
   114   116   140   142    67    69   104   106    38    40   141   143     1     3    30    32 62194
   119   121   145   147    72    74   109   111    43    45   146   148     6     8    35    37 62322
   124   126   150   152    77    79   114   116    48    50   151   153    11    13    40    42 62334
    70    72    80    82    48    50    56    58    33    35   106   108    19    21   159   161 62991
    91    93   111   113    51    53    58    60    47    49    63    65    17    19   163   165 63168
   107   109   160   162   100   102   140   142    20    22    34    36    12    14    44    46 64175
   100   102   120   122    60    62    67    69    56    58    72    74    26    28   172   174 64377
    78    80    88    90    56    58    64    66    41    43   114   116    27    29   167   169 64535
   123   125   176   178   116   118   156   158    36    38    50    52    28    30    60    62 64695
    84    86    94    96    62    64    70    72    47    49   120   122    33    35   173   175 65352
